pythia-70m-deduped-sharegpt-base
       naturalness    coherence  engagingness  groundedness  understandability      overall
count  5218.000000  5218.000000   5218.000000   5218.000000        5218.000000  5218.000000
mean      0.258181     0.563992      8.848717      0.739961           0.253264     2.132823
std       0.264493     0.362337     12.343270      0.288811           0.265044     2.495375
min       0.000342     0.000293      0.000593      0.001176           0.000313     0.008857
25%       0.050357     0.191024      0.989452      0.576777           0.047816     0.569881
50%       0.154266     0.632972      4.161436      0.874238           0.147493     1.227969
75%       0.389746     0.928311     13.372779      0.965819           0.378089     3.065803
max       0.999783     0.999644    257.501046      0.999922           0.999786    51.533298
pythia-70m-deduped-oasst1-dolly-base
       naturalness    coherence  engagingness  groundedness  understandability      overall
count  3186.000000  3186.000000   3186.000000   3186.000000        3186.000000  3186.000000
mean      0.234494     0.520874      7.719872      0.722777           0.229043     1.885412
std       0.252969     0.372498     11.972772      0.291985           0.252577     2.422393
min       0.000919     0.000382      0.000323      0.000951           0.000834     0.016549
25%       0.045445     0.118810      0.790099      0.540160           0.042496     0.438122
50%       0.133588     0.544895      2.496991      0.856645           0.126511     0.881037
75%       0.342758     0.905146     10.394881      0.960894           0.329445     2.477625
max       0.999423     0.999547    115.975188      0.999851           0.999428    23.536496
pythia-70m-deduped-oasst1-base
       naturalness    coherence  engagingness  groundedness  understandability      overall
count  1685.000000  1685.000000   1685.000000   1685.000000        1685.000000  1685.000000
mean      0.246166     0.526179      8.487294      0.735300           0.240785     2.047145
std       0.259586     0.377054     12.997407      0.294320           0.259679     2.623909
min       0.000188     0.000517      0.000290      0.000310           0.000151     0.014686
25%       0.046937     0.117059      0.863236      0.572953           0.043482     0.473525
50%       0.141957     0.569169      3.109415      0.872892           0.134457     1.018233
75%       0.363635     0.917620     12.336706      0.965204           0.353217     2.848903
max       0.998432     0.999550    161.825902      0.999907           0.999575    32.378349
pythia-160m-deduped-sharegpt-base
       naturalness    coherence  engagingness  groundedness  understandability      overall
count  5218.000000  5218.000000   5218.000000   5218.000000        5218.000000  5218.000000
mean      0.351587     0.623147      8.150869      0.742792           0.347056     2.043090
std       0.297234     0.362926     14.923386      0.302943           0.299229     3.004963
min       0.000325     0.000267      0.000242      0.000797           0.000185     0.003344
25%       0.093586     0.264975      0.865818      0.568763           0.088747     0.531550
50%       0.259304     0.769187      2.542426      0.897517           0.253464     0.969356
75%       0.575305     0.960609     11.118434      0.975322           0.566013     2.680160
max       0.999463     0.999796    420.737242      0.999903           0.999523    84.822149
pythia-160m-deduped-oasst1-dolly-base
       naturalness    coherence  engagingness  groundedness  understandability      overall
count  3186.000000  3186.000000   3186.000000   3186.000000        3186.000000  3186.000000
mean      0.327221     0.561283      6.730108      0.715674           0.318936     1.730644
std       0.288582     0.376306     15.132539      0.315604           0.289116     3.047574
min       0.000184     0.000158      0.000000      0.000267           0.000140     0.021912
25%       0.082030     0.151005      0.485296      0.495820           0.074958     0.436544
50%       0.236805     0.653419      1.218260      0.872567           0.225571     0.707075
75%       0.519141     0.937353      6.561132      0.970269           0.502905     1.722161
max       0.999677     0.999895    251.463062      0.999955           0.999869    50.659302
pythia-160m-deduped-oasst1-base
       naturalness    coherence  engagingness  groundedness  understandability      overall
count  1685.000000  1685.000000   1685.000000   1685.000000        1685.000000  1685.000000
mean      0.364867     0.533087      7.045283      0.721926           0.358787     1.804790
std       0.302330     0.382348     17.387375      0.317737           0.303840     3.497057
min       0.000164     0.000289      0.000318      0.000279           0.000153     0.015541
25%       0.094284     0.113436      0.320270      0.490159           0.089135     0.434568
50%       0.287075     0.595520      1.287661      0.889664           0.274020     0.722419
75%       0.608703     0.927470      6.223091      0.973128           0.597347     1.691807
max       0.999451     0.999852    271.029841      0.999831           0.999525    54.893921
pythia-410m-deduped-sharegpt-base
       naturalness    coherence  engagingness  groundedness  understandability      overall
count  5218.000000  5218.000000   5218.000000   5218.000000        5218.000000  5218.000000
mean      0.398051     0.846220     13.181122      0.854991           0.405622     3.137201
std       0.297283     0.252741     10.921914      0.243946           0.306918     2.198931
min       0.000232     0.000170      0.000501      0.000111           0.000198     0.044801
25%       0.134827     0.836865      4.558750      0.850697           0.131344     1.406849
50%       0.337710     0.970789     11.283155      0.967769           0.345229     2.767441
75%       0.630499     0.993743     19.181386      0.991651           0.651528     4.374176
max       0.999854     0.999908    163.898101      0.999969           0.999879    33.466141
pythia-410m-deduped-oasst1-dolly-base
       naturalness    coherence  engagingness  groundedness  understandability      overall
count  3186.000000  3186.000000   3186.000000   3186.000000        3186.000000  3186.000000
mean      0.382252     0.859285     15.220757      0.854578           0.391870     3.541748
std       0.294530     0.253970     12.147214      0.244523           0.304225     2.449388
min       0.000189     0.000174      0.000177      0.000081           0.000123     0.027774
25%       0.120679     0.878965      5.419778      0.858639           0.116918     1.595511
50%       0.320738     0.978284     13.823000      0.965145           0.326728     3.267351
75%       0.596743     0.994609     21.738464      0.990141           0.626631     4.878846
max       0.999694     0.999956    122.392906      0.999974           0.999712    24.705920
pythia-410m-deduped-oasst1-base
       naturalness    coherence  engagingness  groundedness  understandability      overall
count  1685.000000  1685.000000   1685.000000   1685.000000        1685.000000  1685.000000
mean      0.402126     0.866891     14.325249      0.865811           0.410524     3.374120
std       0.296358     0.241028     11.583322      0.229454           0.305242     2.333403
min       0.000185     0.001588      0.006974      0.000856           0.000153     0.037858
25%       0.138066     0.878619      4.905804      0.871457           0.137176     1.522761
50%       0.336782     0.979912     12.289550      0.969270           0.352164     3.015987
75%       0.633000     0.995274     20.856999      0.990343           0.659711     4.723877
max       0.999753     0.999859     80.699761      0.999967           0.999762    16.453028
pythia-1b-deduped-sharegpt-base
       naturalness    coherence  engagingness  groundedness  understandability      overall
count  5218.000000  5218.000000   5218.000000   5218.000000        5218.000000  5218.000000
mean      0.399527     0.833780     13.423849      0.846636           0.406504     3.182059
std       0.295217     0.273213     13.219162      0.252985           0.304295     2.659645
min       0.000122     0.000422      0.001568      0.000450           0.000088     0.027326
25%       0.138286     0.822666      3.444125      0.848384           0.133316     1.216801
50%       0.338402     0.971774     10.808291      0.966838           0.341990     2.670072
75%       0.630370     0.993793     19.858773      0.991104           0.655355     4.486984
max       0.999954     0.999945    207.187547      0.999944           0.999959    42.080246
pythia-1b-deduped-oasst1-dolly-base
       naturalness    coherence  engagingness  groundedness  understandability      overall
count  3186.000000  3186.000000   3186.000000   3186.000000        3186.000000  3186.000000
mean      0.374158     0.840785     14.868762      0.841470           0.379796     3.460994
std       0.288397     0.271292     14.566251      0.259790           0.295611     2.934130
min       0.000315     0.000525      0.001394      0.000070           0.000271     0.018313
25%       0.124734     0.841216      3.308950      0.837871           0.122362     1.153888
50%       0.307740     0.975176     12.435237      0.964986           0.313130     3.022977
75%       0.583723     0.994692     21.765682      0.990722           0.600426     4.897436
max       0.999966     0.999930    213.484600      0.999939           0.999969    43.372308
pythia-1b-deduped-oasst1-base
       naturalness    coherence  engagingness  groundedness  understandability      overall
count  1685.000000  1685.000000   1685.000000   1685.000000        1685.000000  1685.000000
mean      0.388586     0.843099     14.870070      0.851119           0.395829     3.469741
std       0.295391     0.276264     12.773568      0.254285           0.303280     2.578912
min       0.000177     0.000961      0.000000      0.000313           0.000143     0.018674
25%       0.119966     0.858422      4.472310      0.863826           0.122358     1.396445
50%       0.330935     0.978525     12.838615      0.969898           0.343773     3.116638
75%       0.622280     0.995604     22.034477      0.992062           0.628254     4.959197
max       0.999748     0.999907    121.830399      0.999935           0.999889    24.644679
pythia-1.4b-deduped-sharegpt-base
       naturalness    coherence  engagingness  groundedness  understandability      overall
count  5218.000000  5218.000000   5218.000000   5218.000000        5218.000000  5218.000000
mean      0.368619     0.801906     10.796781      0.815475           0.369761     2.630508
std       0.293358     0.296767     11.255881      0.280127           0.302187     2.275715
min       0.000091     0.000061      0.000925      0.000096           0.000082     0.008584
25%       0.108529     0.746920      2.368095      0.776281           0.102858     0.977419
50%       0.302428     0.959485      7.892842      0.957739           0.294753     2.073651
75%       0.597934     0.992056     16.169911      0.990418           0.606108     3.709884
max       0.999897     0.999974    292.928513      0.999986           0.999908    59.265633
pythia-1.4b-deduped-oasst1-dolly-base
       naturalness    coherence  engagingness  groundedness  understandability      overall
count  3186.000000  3186.000000   3186.000000   3186.000000        3186.000000  3186.000000
mean      0.345866     0.790971     10.105223      0.783794           0.342020     2.473575
std       0.290625     0.314657     13.370327      0.305045           0.296078     2.710303
min       0.000201     0.000348      0.000295      0.000210           0.000176     0.027912
25%       0.092344     0.736276      1.531173      0.698680           0.084348     0.764034
50%       0.266007     0.962102      6.088493      0.946122           0.252348     1.680492
75%       0.558914     0.992886     15.108256      0.988245           0.562530     3.540694
max       0.999846     0.999914    277.130884      0.999910           0.999854    56.112727
pythia-1.4b-deduped-oasst1-base
       naturalness    coherence  engagingness  groundedness  understandability      overall
count  1685.000000  1685.000000   1685.000000   1685.000000        1685.000000  1685.000000
mean      0.361389     0.791546     10.834563      0.797249           0.358577     2.628665
std       0.296599     0.315756     12.789572      0.295142           0.302665     2.588932
min       0.000220     0.000163      0.000634      0.000164           0.000179     0.006187
25%       0.096004     0.740168      2.059965      0.723856           0.089352     0.907457
50%       0.285435     0.966335      7.262619      0.953348           0.273439     1.936921
75%       0.595642     0.993097     15.991505      0.990675           0.594625     3.708841
max       0.999777     0.999909    233.026844      0.999969           0.999790    46.755863
pythia-2.8b-deduped-sharegpt-base
       naturalness    coherence  engagingness  groundedness  understandability      overall
count  5218.000000  5218.000000   5218.000000   5218.000000        5218.000000  5218.000000
mean      0.507726     0.871264     12.424535      0.854960           0.518712     3.035440
std       0.335537     0.248898     11.441498      0.252181           0.342362     2.287722
min       0.000229     0.000072      0.000646      0.000249           0.000183     0.024944
25%       0.193217     0.902123      3.206367      0.868590           0.189126     1.287613
50%       0.486177     0.983038      9.991737      0.974142           0.506968     2.565497
75%       0.823870     0.995814     18.946232      0.993127           0.850017     4.321813
max       0.999958     0.999926    243.296904      0.999939           0.999961    48.853997
pythia-2.8b-deduped-oasst1-dolly-base
       naturalness    coherence  engagingness  groundedness  understandability      overall
count  3186.000000  3186.000000   3186.000000   3186.000000        3186.000000  3186.000000
mean      0.449586     0.858778     15.078091      0.845552           0.456894     3.537780
std       0.320706     0.263066     14.832321      0.263419           0.328154     2.981914
min       0.000146     0.000301      0.000264      0.000163           0.000123     0.042440
25%       0.154056     0.886824      4.238979      0.858650           0.152758     1.423524
50%       0.403828     0.984200     12.991697      0.970998           0.407212     3.186549
75%       0.728517     0.996476     22.244315      0.992971           0.749771     4.984871
max       0.999923     0.999877    416.927891      0.999934           0.999926    84.090156
pythia-2.8b-deduped-oasst1-base
       naturalness    coherence  engagingness  groundedness  understandability      overall
count  1685.000000  1685.000000   1685.000000   1685.000000        1685.000000  1685.000000
mean      0.475811     0.884803     14.457393      0.866158           0.485418     3.433917
std       0.328380     0.240129     12.305589      0.240655           0.336301     2.464559
min       0.000077     0.000216      0.001392      0.000089           0.000061     0.046712
25%       0.169765     0.931542      4.494929      0.880703           0.164008     1.541207
50%       0.440654     0.989423     12.961184      0.974180           0.458542     3.109393
75%       0.760484     0.997080     21.016458      0.993758           0.787924     4.776825
max       0.999910     0.999944    146.415922      0.999914           0.999906    29.381450
