pythia-410m-deduped-oasst1-dolly-iter-001549-ckpt
       naturalness    coherence  engagingness  groundedness  understandability      overall
count  3186.000000  3186.000000   3186.000000   3186.000000        3186.000000  3186.000000
mean      0.220886     0.564012      2.611942      0.359455           0.217288     0.794717
std       0.278371     0.384596      4.789983      0.338898           0.275079     1.003956
min       0.000124     0.000103      0.000044      0.000271           0.000123     0.000716
25%       0.011389     0.126963      0.840833      0.045707           0.011085     0.344192
50%       0.080596     0.685237      1.241130      0.221479           0.078715     0.592924
75%       0.349291     0.947587      2.963592      0.692134           0.346172     0.942886
max       0.982798     0.999643    202.064607      0.998151           0.983485    41.109323
pythia-410m-deduped-oasst1-dolly-iter-000399-ckpt
       naturalness    coherence  engagingness  groundedness  understandability      overall
count  3186.000000  3186.000000   3186.000000   3186.000000        3186.000000  3186.000000
mean      0.182040     0.612537      4.121720      0.475084           0.180414     1.114359
std       0.244639     0.366755      5.343324      0.349511           0.244036     1.122253
min       0.000140     0.000229      0.000130      0.000142           0.000128     0.002090
25%       0.011994     0.238865      0.980360      0.102654           0.011561     0.421823
50%       0.064666     0.760656      1.979132      0.507989           0.060867     0.736837
75%       0.256375     0.957016      5.197084      0.815813           0.257393     1.395456
max       0.990723     0.999492     84.061485      0.998846           0.991099    17.462809
pythia-410m-deduped-oasst1-dolly-iter-000049-ckpt
       naturalness    coherence  engagingness  groundedness  understandability      overall
count  3186.000000  3186.000000   3186.000000   3186.000000        3186.000000  3186.000000
mean      0.326564     0.806312      5.464147      0.544197           0.327133     1.493670
std       0.323170     0.308350     13.489932      0.377384           0.323197     2.733995
min       0.000169     0.000236      0.000219      0.000604           0.000162     0.003040
25%       0.031214     0.804361      0.996959      0.129187           0.031894     0.586267
50%       0.201182     0.967759      1.991660      0.629428           0.203981     0.854866
75%       0.592270     0.991834      4.971266      0.925190           0.594315     1.468642
max       0.999583     0.999619    449.531775      0.999748           0.999598    90.595279
pythia-160m-deduped-oasst1-dolly-iter-000549-ckpt
       naturalness    coherence  engagingness  groundedness  understandability      overall
count  3186.000000  3186.000000   3186.000000   3186.000000        3186.000000  3186.000000
mean      0.170391     0.424130      2.030678      0.438255           0.166361     0.645963
std       0.206445     0.370808      2.864804      0.355450           0.203598     0.657942
min       0.000153     0.000049      0.000055      0.000332           0.000151     0.001423
25%       0.019873     0.051795      0.261924      0.064362           0.018194     0.219323
50%       0.086962     0.341763      0.947001      0.402831           0.081812     0.437513
75%       0.243445     0.815562      2.448742      0.801516           0.238938     0.824913
max       0.988993     0.998901     21.150945      0.995917           0.987116     4.718633
pythia-160m-deduped-oasst1-dolly-iter-000099-ckpt
       naturalness    coherence  engagingness  groundedness  understandability      overall
count  3186.000000  3186.000000   3186.000000   3186.000000        3186.000000  3186.000000
mean      0.111411     0.515319      8.083593      0.727442           0.109157     1.909384
std       0.151131     0.336878      7.327495      0.224643           0.157762     1.484367
min       0.000400     0.000778      0.002568      0.001326           0.000363     0.032469
25%       0.022480     0.188271      2.743488      0.617349           0.020795     0.834101
50%       0.055861     0.517607      5.885391      0.792833           0.050237     1.484625
75%       0.131662     0.853849     11.499644      0.900650           0.123310     2.596211
max       0.995538     0.999188     66.802567      0.997998           0.995174    13.520781
pythia-70m-deduped-oasst1-dolly-iter-001299-ckpt
       naturalness    coherence  engagingness  groundedness  understandability      overall
count  3186.000000  3186.000000   3186.000000   3186.000000        3186.000000  3186.000000
mean      0.272958     0.578264      3.188030      0.391691           0.271141     0.940417
std       0.293173     0.375589      4.403125      0.336560           0.289754     0.940251
min       0.000155     0.000132      0.000222      0.000082           0.000153     0.000831
25%       0.026152     0.159651      0.840948      0.062491           0.026287     0.372486
50%       0.147521     0.705974      1.498630      0.314370           0.147591     0.662672
75%       0.477710     0.936843      3.928081      0.712913           0.479128     1.158049
max       0.968063     0.999260     85.918506      0.994672           0.964968    17.555575
pythia-70m-deduped-oasst1-dolly-iter-000149-ckpt
       naturalness    coherence  engagingness  groundedness  understandability      overall
count  3186.000000  3186.000000   3186.000000   3186.000000        3186.000000  3186.000000
mean      0.143966     0.406053      4.159021      0.572563           0.139303     1.084181
std       0.196502     0.337311      4.576075      0.283929           0.195927     0.957659
min       0.000159     0.000161      0.000000      0.000530           0.000156     0.003824
25%       0.021605     0.081408      0.876049      0.369995           0.019669     0.391456
50%       0.061992     0.335735      2.396094      0.635503           0.054155     0.766083
75%       0.170177     0.736425      6.022715      0.806951           0.160822     1.498017
max       0.993713     0.998727     31.226560      0.995553           0.995531     6.702010
