pythia-2.8b-deduped-oasst1-dolly-iter-000099-ckpt
       naturalness    coherence  engagingness  groundedness  understandability      overall
count  3186.000000  3186.000000   3186.000000   3186.000000        3186.000000  3186.000000
mean      0.538707     0.964222      9.345211      0.774053           0.570430     2.438525
std       0.296721     0.133609      8.350138      0.335072           0.298700     1.695402
min       0.000464     0.001307      0.000547      0.000958           0.000463     0.060153
25%       0.283998     0.991585      1.997969      0.682397           0.310401     1.016904
50%       0.571992     0.997575      7.702665      0.963531           0.632105     2.122301
75%       0.807465     0.998934     14.573436      0.992923           0.835943     3.491093
max       0.999957     0.999865     79.786581      0.999865           0.999954    16.653362
pythia-2.8b-deduped-oasst1-dolly-iter-000399-ckpt
       naturalness    coherence  engagingness  groundedness  understandability      overall
count  3186.000000  3186.000000   3186.000000   3186.000000        3186.000000  3186.000000
mean      0.391289     0.863415      5.463286      0.561358           0.396199     1.535109
std       0.333928     0.270574      6.458623      0.393202           0.333800     1.337970
min       0.000174     0.000200      0.000232      0.000214           0.000159     0.027555
25%       0.070358     0.922181      0.998039      0.114435           0.070993     0.668686
50%       0.308036     0.986930      2.812998      0.686033           0.322337     0.991099
75%       0.702446     0.996007      8.095064      0.958191           0.710651     2.105657
max       0.999630     0.999740     98.270018      0.999499           0.999730    19.967276
pythia-1.4b-deduped-oasst1-dolly-iter-002799-ckpt
       naturalness    coherence  engagingness  groundedness  understandability      overall
count  3186.000000  3186.000000   3186.000000   3186.000000        3186.000000  3186.000000
mean      0.194784     0.406398      2.294866      0.350296           0.191190     0.687507
std       0.238450     0.367380      3.335692      0.332382           0.234913     0.738954
min       0.000122     0.000134      0.000132      0.000140           0.000120     0.001135
25%       0.015164     0.038555      0.434748      0.044031           0.015181     0.220749
50%       0.084887     0.302042      0.992087      0.217442           0.082455     0.468892
75%       0.303390     0.789676      2.578440      0.659342           0.294440     0.850441
max       0.975175     0.998797     40.565521      0.995676           0.978768     8.510429
pythia-1.4b-deduped-oasst1-dolly-iter-000099-ckpt
       naturalness    coherence  engagingness  groundedness  understandability      overall
count  3186.000000  3186.000000   3186.000000   3186.000000        3186.000000  3186.000000
mean      0.643568     0.927517      4.162108      0.509257           0.659047     1.380299
std       0.317308     0.200355      4.879872      0.395105           0.311151     1.016617
min       0.000416     0.000146      0.000239      0.000250           0.000418     0.006951
25%       0.379587     0.979486      0.998192      0.090941           0.416344     0.761514
50%       0.775008     0.995215      1.989671      0.482313           0.797797     0.974467
75%       0.920849     0.998227      5.927957      0.955776           0.919179     1.750154
max       0.999927     0.999869     53.290196      0.999814           0.999923    11.238995
pythia-1b-deduped-oasst1-dolly-iter-000499-ckpt
       naturalness    coherence  engagingness  groundedness  understandability      overall
count  3186.000000  3186.000000   3186.000000   3186.000000        3186.000000  3186.000000
mean      0.326525     0.880151      9.141573      0.688608           0.329105     2.273193
std       0.291522     0.233983      9.992399      0.356203           0.294269     2.035820
min       0.000266     0.000935      0.000388      0.000573           0.000249     0.045235
25%       0.069497     0.912107      1.951439      0.402632           0.066762     0.820594
50%       0.236375     0.982008      5.715660      0.887799           0.242573     1.618793
75%       0.538688     0.994742     13.906475      0.973368           0.551258     3.262427
max       0.997757     0.999827    105.971337      0.999578           0.998512    21.924245
pythia-1b-deduped-oasst1-dolly-iter-000099-ckpt
       naturalness    coherence  engagingness  groundedness  understandability      overall
count  3186.000000  3186.000000   3186.000000   3186.000000        3186.000000  3186.000000
mean      0.689628     0.931476      3.274083      0.428328           0.695077     1.203718
std       0.311563     0.192006      4.382150      0.373599           0.307945     0.914711
min       0.000327     0.000340      0.000483      0.000351           0.000311     0.014984
25%       0.500084     0.979226      0.998058      0.071591           0.519804     0.756848
50%       0.841437     0.994019      1.975278      0.303612           0.844200     0.935721
75%       0.934963     0.997571      3.150204      0.840091           0.930851     1.297962
max       0.999866     0.999896     68.040846      0.999860           0.999896    14.244550
